123631
176870
208908
3081361
68165256
118607832
176871
10184653
11511120
71496458
15606394
121280087
121269225
22024915
54758501
57335384
70693519
6918508
11557040
6445562
42642648
91668194
6918403
156414
156413
71667668
72703790
72734520
117909640
78357807
44609731
6444692
25127713
24756910
89670174
10437018
118870
156538665
24739943
154824631
54759275
146026179
139377809
118861389
117918742
78209992
11700696
137321960
9549299
138911391
6711154
2857
6603857
118912975
86278355
4708
131634510
130412842
9843206
11566580
151183629
163388532
146014465
92135932
54767257
16129168
134828257
78357783
72713387
129627019
86303858
141464430
162667990
46212970
127264586
118900298
118578874
164887498
5328763
46861540
135379897
155923038
134817166
162679548
129627020
78358313
162640905
22122640
162647755
76900441
155426835
162663491
162664546
139035057
145712397
138911325
162513220
117685125
156071569
162669174
163322022
44571453
155818893
162643526
162663118
162669709
163196376
162640600
162677080
121595975
2140690
24768165
24768166
122173919
44194962
44225877
44194961
71722042
156853935
73774623
163288439
164517099
4346688
156695922
168867731
165412706
164887603
126649709
163196257
126496758
118900273
165412708
165412709
150542094
164517102
169488829
24231093
166176964
135157094
162394926
164517098
36982442
139448024
168264808
162368359
154573746
162641006
169494220
134826780
146673164
156431353
156853872
156853993
156854016
163322288
169450505
168510448
164886603
166177024
163196258
163196259
163196338
156854004
156854006
163322305
53012917
155813973
168510325
169494509
146180757
165413013
156825437
166872501
164886602
156854008
156853992
169450424
169449992
17747413
121440068
118797290
146026038
168679711
168476135
164517079
46354956
164517196
169450172
6199344
162678811
165412576
163322009
168679712
164517195
164886619
166642395
168679705
169494219
169450171
169450659
164886642
168510354
169494243
168510274
168510275
71433873
162642614
163196269
163196340
169450484
169450660
168679713
163322317
163408862
163409086
168476006
168510613
169494308
169494293
169494289
163321914
164517194
168679848
168475912
164517080